4                       0.35              0.30              0.45              0.48
8                       0.35              0.38              0.45              0.51
16                      0.44              0.43              0.48              0.57
32                      0.44              0.43              0.47              0.58
64                      0.48              0.49              0.55              0.61
128                     0.45              0.44              0.48              0.55
256                     0.54              0.52              0.59              0.67
512                     0.78              0.77              0.85              0.91
1024                    0.94              0.93              0.97              1.05
2048                    1.18              1.17              1.20              1.26
4096                    2.23              2.22              2.26              2.33
8192                    2.96              2.99              3.10              3.19
16384                   5.83              5.85              6.03              6.20
32768                   8.59              8.57              8.73              8.89
65536                  13.60             13.58             13.72             13.90
131072                 25.60             23.82             24.02             25.31
262144                 43.41             41.47             46.68             48.06
524288                 79.42             78.72             81.36             83.32
1048576               161.20            160.65            163.39            166.20

4                       0.34              0.30              0.45              0.47
8                       0.35              0.38              0.44              0.49
16                      0.45              0.44              0.49              0.58
32                      0.44              0.44              0.47              0.59
64                      0.48              0.49              0.55              0.61
128                     0.46              0.45              0.48              0.57
256                     0.54              0.52              0.61              0.68
512                     0.78              0.77              0.85              0.89
1024                    0.91              0.90              0.95              1.08
2048                    1.16              1.16              1.19              1.22
4096                    2.17              2.16              2.21              2.30
8192                    2.95              2.97              3.10              3.20
16384                   5.78              5.74              6.02              6.10
32768                   8.81              8.81              8.97              9.12
65536                  13.70             13.67             13.90             15.02
131072                 23.88             23.85             24.02             25.25
262144                 41.11             40.91             41.58             44.46
524288                 78.59             77.91             81.12             83.68
1048576               160.87            161.32            164.21            165.38

4                       0.34              0.29              0.44              0.47
8                       0.36              0.40              0.44              0.52
16                      0.44              0.43              0.50              0.58
32                      0.44              0.43              0.50              0.58
64                      0.48              0.49              0.56              0.62
128                     0.45              0.45              0.49              0.57
256                     0.52              0.52              0.56              0.66
512                     0.76              0.74              0.85              0.90
1024                    0.94              0.93              0.97              1.10
2048                    1.17              1.17              1.20              1.24
4096                    2.25              2.24              2.29              2.35
8192                    2.92              2.95              3.08              3.16
16384                   5.81              5.78              6.08              6.29
32768                   8.94              8.91              9.19              9.43
65536                  13.64             13.64             13.81             14.02
131072                 23.91             23.88             24.05             25.35
262144                 41.39             41.24             41.96             44.75
524288                 79.32             79.69             81.64             83.45
1048576               164.65            165.15            167.76            169.48

4                       0.34              0.31              0.44              0.47
8                       0.35              0.38              0.44              0.47
16                      0.44              0.44              0.48              0.59
32                      0.45              0.44              0.50              0.57
64                      0.49              0.49              0.56              0.60
128                     0.46              0.45              0.49              0.56
256                     0.53              0.52              0.56              0.63
512                     0.77              0.74              0.82              0.90
1024                    0.92              0.91              0.96              1.07
2048                    1.17              1.16              1.19              1.26
4096                    2.20              2.19              2.23              2.29
8192                    2.90              2.92              3.06              3.15
16384                   5.79              5.78              5.95              6.13
32768                   8.63              8.61              8.80              8.96
65536                  13.54             13.52             13.67             14.03
131072                 23.91             23.85             24.08             25.30
262144                 40.75             40.73             41.00             42.10
524288                 79.13             79.30             81.00             81.98
1048576               162.97            163.02            165.55            167.05

4                       0.35              0.29              0.44              0.47
8                       0.35              0.40              0.44              0.49
16                      0.44              0.43              0.48              0.58
32                      0.44              0.44              0.49              0.58
64                      0.49              0.49              0.56              0.61
128                     0.45              0.44              0.49              0.54
256                     0.52              0.51              0.56              0.62
512                     0.75              0.73              0.83              0.90
1024                    0.94              0.93              1.00              1.14
2048                    1.17              1.17              1.20              1.25
4096                    2.26              2.25              2.29              2.36
8192                    2.90              2.93              3.07              3.15
16384                   5.76              5.75              6.04              6.20
32768                   8.84              8.83              9.02              9.23
65536                  13.72             13.72             13.95             14.05
131072                 23.78             23.74             23.93             25.19
262144                 40.88             40.80             41.05             43.46
524288                 78.72             78.19             81.20             82.74
1048576               159.55            158.86            162.01            164.90

4                       0.35              0.30              0.44              0.47
8                       0.35              0.39              0.44              0.49
16                      0.45              0.43              0.48              0.59
32                      0.43              0.43              0.47              0.57
64                      0.48              0.49              0.56              0.63
128                     0.45              0.45              0.49              0.56
256                     0.54              0.52              0.58              0.65
512                     0.74              0.73              0.82              0.86
1024                    0.94              0.93              0.99              1.05
2048                    1.17              1.17              1.19              1.25
4096                    2.23              2.22              2.27              2.36
8192                    2.91              2.95              3.07              3.17
16384                   5.76              5.74              5.98              6.13
32768                   8.76              8.75              8.95              9.14
65536                  13.71             13.64             13.89             15.39
131072                 23.83             23.81             23.98             24.97
262144                 41.46             40.94             44.36             45.96
524288                 78.93             78.55             81.51             82.61
1048576               161.10            160.47            163.42            166.15

4                       0.35              0.30              0.45              0.47
8                       0.35              0.37              0.45              0.51
16                      0.44              0.44              0.48              0.58
32                      0.44              0.43              0.49              0.59
64                      0.48              0.49              0.56              0.62
128                     0.47              0.46              0.49              0.56
256                     0.54              0.53              0.57              0.65
512                     0.76              0.75              0.83              0.87
1024                    0.94              0.92              0.97              1.11
2048                    1.17              1.17              1.20              1.26
4096                    2.24              2.23              2.28              2.36
8192                    2.95              2.98              3.11              3.21
16384                   5.79              5.76              6.05              6.18
32768                   8.59              8.58              8.75              8.84
65536                  13.58             13.58             13.73             13.87
131072                 23.90             23.85             24.05             25.38
262144                 43.46             43.89             46.50             48.24
524288                 78.57             78.05             81.11             83.08
1048576               158.51            157.91            160.65            161.90

4                       0.35              0.30              0.45              0.47
8                       0.35              0.38              0.45              0.47
16                      0.44              0.44              0.48              0.58
32                      0.44              0.43              0.47              0.57
64                      0.48              0.49              0.56              0.61
128                     0.45              0.45              0.48              0.54
256                     0.54              0.52              0.55              0.63
512                     0.77              0.74              0.82              0.88
1024                    0.95              0.92              0.97              1.10
2048                    1.18              1.17              1.20              1.27
4096                    2.22              2.21              2.26              2.33
8192                    2.93              2.95              3.07              3.17
16384                   5.72              5.73              5.97              6.13
32768                   8.59              8.56              8.78              8.99
65536                  13.55             13.52             13.69             14.98
131072                 23.88             23.82             23.99             25.44
262144                 41.14             40.91             41.62             44.19
524288                 78.65             79.72             80.77             82.47
1048576               163.15            163.07            165.35            167.38

4                       0.35              0.29              0.45              0.47
8                       0.35              0.39              0.45              0.47
16                      0.44              0.43              0.48              0.57
32                      0.43              0.43              0.47              0.57
64                      0.48              0.49              0.56              0.60
128                     0.45              0.44              0.50              0.53
256                     0.53              0.52              0.56              0.62
512                     0.77              0.75              0.86              0.92
1024                    0.97              0.97              0.99              1.05
2048                    1.20              1.19              1.22              1.26
4096                    2.28              2.27              2.32              2.40
8192                    2.95              2.99              3.11              3.19
16384                   5.83              5.82              6.08              6.20
32768                   8.92              8.91              9.15              9.21
65536                  13.74             13.73             13.93             14.12
131072                 23.90             23.87             24.02             25.21
262144                 41.43             41.25             41.94             44.46
524288                 78.77             78.18             80.89             86.38
1048576               158.47            157.74            160.75            163.22

4                       0.35              0.30              0.45              0.47
8                       0.35              0.37              0.45              0.50
16                      0.44              0.43              0.47              0.57
32                      0.44              0.43              0.50              0.58
64                      0.48              0.49              0.56              0.61
128                     0.46              0.45              0.48              0.57
256                     0.53              0.52              0.57              0.64
512                     0.74              0.73              0.79              0.85
1024                    0.95              0.95              0.99              1.08
2048                    1.18              1.17              1.20              1.25
4096                    2.29              2.28              2.32              2.40
8192                    2.87              2.90              3.03              3.13
16384                   5.70              5.68              5.96              6.06
32768                   8.79              8.77              9.12              9.39
65536                  13.74             13.71             13.93             14.25
131072                 23.85             23.82             23.99             25.28
262144                 41.19             41.16             41.44             42.19
524288                 80.52             80.43             83.27             84.22
1048576               159.95            159.57            162.04            162.95
